11/24 09:32:45 PM | 
11/24 09:32:45 PM | Parameters:
11/24 09:32:45 PM | ALPHA_LR=0.0003
11/24 09:32:45 PM | ALPHA_WEIGHT_DECAY=0.001
11/24 09:32:45 PM | BATCH_SIZE=64
11/24 09:32:45 PM | DATA_PATH=./data/
11/24 09:32:45 PM | DATASET=cifar10
11/24 09:32:45 PM | EPOCHS=50
11/24 09:32:45 PM | GPUS=[0]
11/24 09:32:45 PM | INIT_CHANNELS=16
11/24 09:32:45 PM | LAYERS=8
11/24 09:32:45 PM | NAME=cifar10
11/24 09:32:45 PM | PATH=searchs\cifar10
11/24 09:32:45 PM | PLOT_PATH=searchs\cifar10\plots
11/24 09:32:45 PM | PRINT_FREQ=10
11/24 09:32:45 PM | SEED=2
11/24 09:32:45 PM | W_GRAD_CLIP=5.0
11/24 09:32:45 PM | W_LR=0.025
11/24 09:32:45 PM | W_LR_MIN=0.001
11/24 09:32:45 PM | W_MOMENTUM=0.9
11/24 09:32:45 PM | W_WEIGHT_DECAY=0.0003
11/24 09:32:45 PM | WORKERS=4
11/24 09:32:45 PM | 
11/24 09:32:45 PM | Logger is set - training start
11/24 09:35:06 PM | 
11/24 09:35:06 PM | 
11/24 09:35:06 PM | Parameters:
11/24 09:35:06 PM | Parameters:
11/24 09:35:06 PM | ALPHA_LR=0.0003
11/24 09:35:06 PM | ALPHA_LR=0.0003
11/24 09:35:06 PM | ALPHA_WEIGHT_DECAY=0.001
11/24 09:35:06 PM | ALPHA_WEIGHT_DECAY=0.001
11/24 09:35:06 PM | BATCH_SIZE=64
11/24 09:35:06 PM | BATCH_SIZE=64
11/24 09:35:06 PM | DATA_PATH=./data/
11/24 09:35:06 PM | DATA_PATH=./data/
11/24 09:35:06 PM | DATASET=cifar10
11/24 09:35:06 PM | DATASET=cifar10
11/24 09:35:06 PM | EPOCHS=50
11/24 09:35:06 PM | EPOCHS=50
11/24 09:35:06 PM | GPUS=[0]
11/24 09:35:06 PM | GPUS=[0]
11/24 09:35:06 PM | INIT_CHANNELS=16
11/24 09:35:06 PM | INIT_CHANNELS=16
11/24 09:35:06 PM | LAYERS=8
11/24 09:35:06 PM | LAYERS=8
11/24 09:35:06 PM | NAME=cifar10
11/24 09:35:06 PM | NAME=cifar10
11/24 09:35:06 PM | PATH=searchs\cifar10
11/24 09:35:06 PM | PATH=searchs\cifar10
11/24 09:35:06 PM | PLOT_PATH=searchs\cifar10\plots
11/24 09:35:06 PM | PLOT_PATH=searchs\cifar10\plots
11/24 09:35:06 PM | PRINT_FREQ=10
11/24 09:35:06 PM | PRINT_FREQ=10
11/24 09:35:06 PM | SEED=2
11/24 09:35:06 PM | SEED=2
11/24 09:35:06 PM | W_GRAD_CLIP=5.0
11/24 09:35:06 PM | W_GRAD_CLIP=5.0
11/24 09:35:06 PM | W_LR=0.025
11/24 09:35:06 PM | W_LR=0.025
11/24 09:35:06 PM | W_LR_MIN=0.001
11/24 09:35:06 PM | W_LR_MIN=0.001
11/24 09:35:06 PM | W_MOMENTUM=0.9
11/24 09:35:06 PM | W_MOMENTUM=0.9
11/24 09:35:06 PM | W_WEIGHT_DECAY=0.0003
11/24 09:35:06 PM | W_WEIGHT_DECAY=0.0003
11/24 09:35:06 PM | WORKERS=4
11/24 09:35:06 PM | WORKERS=4
11/24 09:35:06 PM | 
11/24 09:35:06 PM | 
11/24 09:35:06 PM | Logger is set - training start
11/24 09:35:06 PM | Logger is set - training start
####### ALPHA #######
####### ALPHA #######
# Alpha - normal
# Alpha - normal
tensor([[0.1249, 0.1252, 0.1249, 0.1249, 0.1249, 0.1252, 0.1249, 0.1250],
        [0.1249, 0.1251, 0.1250, 0.1250, 0.1252, 0.1249, 0.1250, 0.1250]],
       device='cuda:0', grad_fn=<SoftmaxBackward>)
tensor([[0.1249, 0.1252, 0.1249, 0.1249, 0.1249, 0.1252, 0.1249, 0.1250],
        [0.1249, 0.1251, 0.1250, 0.1250, 0.1252, 0.1249, 0.1250, 0.1250]],
       device='cuda:0', grad_fn=<SoftmaxBackward>)
tensor([[0.1249, 0.1253, 0.1250, 0.1250, 0.1249, 0.1250, 0.1250, 0.1249],
        [0.1251, 0.1247, 0.1249, 0.1253, 0.1248, 0.1249, 0.1251, 0.1253],
        [0.1250, 0.1250, 0.1249, 0.1251, 0.1252, 0.1250, 0.1251, 0.1249]],
       device='cuda:0', grad_fn=<SoftmaxBackward>)
tensor([[0.1249, 0.1253, 0.1250, 0.1250, 0.1249, 0.1250, 0.1250, 0.1249],
        [0.1251, 0.1247, 0.1249, 0.1253, 0.1248, 0.1249, 0.1251, 0.1253],
        [0.1250, 0.1250, 0.1249, 0.1251, 0.1252, 0.1250, 0.1251, 0.1249]],
       device='cuda:0', grad_fn=<SoftmaxBackward>)
tensor([[0.1250, 0.1249, 0.1250, 0.1250, 0.1250, 0.1251, 0.1249, 0.1251],
        [0.1250, 0.1249, 0.1251, 0.1249, 0.1249, 0.1253, 0.1252, 0.1248],
        [0.1250, 0.1250, 0.1251, 0.1248, 0.1251, 0.1250, 0.1251, 0.1250],
        [0.1250, 0.1251, 0.1250, 0.1251, 0.1251, 0.1251, 0.1249, 0.1248]],
       device='cuda:0', grad_fn=<SoftmaxBackward>)
tensor([[0.1250, 0.1249, 0.1250, 0.1250, 0.1250, 0.1251, 0.1249, 0.1251],
        [0.1250, 0.1249, 0.1251, 0.1249, 0.1249, 0.1253, 0.1252, 0.1248],
        [0.1250, 0.1250, 0.1251, 0.1248, 0.1251, 0.1250, 0.1251, 0.1250],
        [0.1250, 0.1251, 0.1250, 0.1251, 0.1251, 0.1251, 0.1249, 0.1248]],
       device='cuda:0', grad_fn=<SoftmaxBackward>)
tensor([[0.1250, 0.1250, 0.1249, 0.1249, 0.1251, 0.1250, 0.1249, 0.1252],
        [0.1250, 0.1252, 0.1252, 0.1248, 0.1250, 0.1249, 0.1248, 0.1251],
        [0.1251, 0.1251, 0.1250, 0.1251, 0.1248, 0.1250, 0.1249, 0.1249],
        [0.1249, 0.1250, 0.1250, 0.1253, 0.1251, 0.1251, 0.1247, 0.1249],
        [0.1251, 0.1251, 0.1252, 0.1249, 0.1249, 0.1251, 0.1250, 0.1249]],
       device='cuda:0', grad_fn=<SoftmaxBackward>)
tensor([[0.1250, 0.1250, 0.1249, 0.1249, 0.1251, 0.1250, 0.1249, 0.1252],
        [0.1250, 0.1252, 0.1252, 0.1248, 0.1250, 0.1249, 0.1248, 0.1251],
        [0.1251, 0.1251, 0.1250, 0.1251, 0.1248, 0.1250, 0.1249, 0.1249],
        [0.1249, 0.1250, 0.1250, 0.1253, 0.1251, 0.1251, 0.1247, 0.1249],
        [0.1251, 0.1251, 0.1252, 0.1249, 0.1249, 0.1251, 0.1250, 0.1249]],
       device='cuda:0', grad_fn=<SoftmaxBackward>)

# Alpha - reduce

# Alpha - reduce
tensor([[0.1248, 0.1249, 0.1249, 0.1251, 0.1250, 0.1250, 0.1251, 0.1251],
        [0.1250, 0.1248, 0.1249, 0.1252, 0.1249, 0.1250, 0.1249, 0.1251]],
       device='cuda:0', grad_fn=<SoftmaxBackward>)
tensor([[0.1248, 0.1249, 0.1249, 0.1251, 0.1250, 0.1250, 0.1251, 0.1251],
        [0.1250, 0.1248, 0.1249, 0.1252, 0.1249, 0.1250, 0.1249, 0.1251]],
       device='cuda:0', grad_fn=<SoftmaxBackward>)
tensor([[0.1251, 0.1249, 0.1252, 0.1249, 0.1250, 0.1250, 0.1249, 0.1250],
        [0.1250, 0.1249, 0.1250, 0.1251, 0.1251, 0.1249, 0.1250, 0.1251],
        [0.1250, 0.1250, 0.1250, 0.1249, 0.1250, 0.1250, 0.1250, 0.1252]],
       device='cuda:0', grad_fn=<SoftmaxBackward>)
tensor([[0.1251, 0.1249, 0.1252, 0.1249, 0.1250, 0.1250, 0.1249, 0.1250],
        [0.1250, 0.1249, 0.1250, 0.1251, 0.1251, 0.1249, 0.1250, 0.1251],
        [0.1250, 0.1250, 0.1250, 0.1249, 0.1250, 0.1250, 0.1250, 0.1252]],
       device='cuda:0', grad_fn=<SoftmaxBackward>)
tensor([[0.1251, 0.1247, 0.1249, 0.1252, 0.1252, 0.1249, 0.1251, 0.1249],
        [0.1250, 0.1250, 0.1250, 0.1251, 0.1253, 0.1249, 0.1249, 0.1248],
        [0.1250, 0.1252, 0.1250, 0.1250, 0.1251, 0.1248, 0.1251, 0.1249],
        [0.1250, 0.1251, 0.1251, 0.1249, 0.1248, 0.1251, 0.1250, 0.1250]],
       device='cuda:0', grad_fn=<SoftmaxBackward>)
tensor([[0.1251, 0.1247, 0.1249, 0.1252, 0.1252, 0.1249, 0.1251, 0.1249],
        [0.1250, 0.1250, 0.1250, 0.1251, 0.1253, 0.1249, 0.1249, 0.1248],
        [0.1250, 0.1252, 0.1250, 0.1250, 0.1251, 0.1248, 0.1251, 0.1249],
        [0.1250, 0.1251, 0.1251, 0.1249, 0.1248, 0.1251, 0.1250, 0.1250]],
       device='cuda:0', grad_fn=<SoftmaxBackward>)
tensor([[0.1250, 0.1249, 0.1251, 0.1251, 0.1251, 0.1249, 0.1250, 0.1250],
        [0.1252, 0.1249, 0.1251, 0.1251, 0.1250, 0.1249, 0.1249, 0.1249],
        [0.1249, 0.1250, 0.1251, 0.1250, 0.1249, 0.1250, 0.1250, 0.1252],
        [0.1250, 0.1249, 0.1250, 0.1251, 0.1250, 0.1251, 0.1250, 0.1249],
        [0.1249, 0.1251, 0.1250, 0.1251, 0.1248, 0.1251, 0.1249, 0.1251]],
       device='cuda:0', grad_fn=<SoftmaxBackward>)
tensor([[0.1250, 0.1249, 0.1251, 0.1251, 0.1251, 0.1249, 0.1250, 0.1250],
        [0.1252, 0.1249, 0.1251, 0.1251, 0.1250, 0.1249, 0.1249, 0.1249],
        [0.1249, 0.1250, 0.1251, 0.1250, 0.1249, 0.1250, 0.1250, 0.1252],
        [0.1250, 0.1249, 0.1250, 0.1251, 0.1250, 0.1251, 0.1250, 0.1249],
        [0.1249, 0.1251, 0.1250, 0.1251, 0.1248, 0.1251, 0.1249, 0.1251]],
       device='cuda:0', grad_fn=<SoftmaxBackward>)
#####################
#####################
####### ALPHA #######
####### ALPHA #######
# Alpha - normal
# Alpha - normal
tensor([[0.1249, 0.1250, 0.1248, 0.1251, 0.1250, 0.1251, 0.1249, 0.1251],
        [0.1249, 0.1251, 0.1252, 0.1251, 0.1249, 0.1249, 0.1250, 0.1249]],
       device='cuda:0', grad_fn=<SoftmaxBackward>)
tensor([[0.1249, 0.1250, 0.1248, 0.1251, 0.1250, 0.1251, 0.1249, 0.1251],
        [0.1249, 0.1251, 0.1252, 0.1251, 0.1249, 0.1249, 0.1250, 0.1249]],
       device='cuda:0', grad_fn=<SoftmaxBackward>)
tensor([[0.1250, 0.1250, 0.1248, 0.1252, 0.1250, 0.1251, 0.1250, 0.1249],
        [0.1251, 0.1250, 0.1251, 0.1249, 0.1250, 0.1249, 0.1252, 0.1249],
        [0.1251, 0.1249, 0.1251, 0.1249, 0.1250, 0.1250, 0.1251, 0.1249]],
       device='cuda:0', grad_fn=<SoftmaxBackward>)
tensor([[0.1250, 0.1250, 0.1248, 0.1252, 0.1250, 0.1251, 0.1250, 0.1249],
        [0.1251, 0.1250, 0.1251, 0.1249, 0.1250, 0.1249, 0.1252, 0.1249],
        [0.1251, 0.1249, 0.1251, 0.1249, 0.1250, 0.1250, 0.1251, 0.1249]],
       device='cuda:0', grad_fn=<SoftmaxBackward>)
tensor([[0.1250, 0.1250, 0.1251, 0.1251, 0.1250, 0.1250, 0.1251, 0.1248],
        [0.1250, 0.1250, 0.1250, 0.1250, 0.1249, 0.1249, 0.1251, 0.1249],
        [0.1249, 0.1249, 0.1252, 0.1250, 0.1251, 0.1249, 0.1250, 0.1250],
        [0.1250, 0.1249, 0.1251, 0.1251, 0.1250, 0.1249, 0.1250, 0.1249]],
       device='cuda:0', grad_fn=<SoftmaxBackward>)
tensor([[0.1250, 0.1250, 0.1251, 0.1251, 0.1250, 0.1250, 0.1251, 0.1248],
        [0.1250, 0.1250, 0.1250, 0.1250, 0.1249, 0.1249, 0.1251, 0.1249],
        [0.1249, 0.1249, 0.1252, 0.1250, 0.1251, 0.1249, 0.1250, 0.1250],
        [0.1250, 0.1249, 0.1251, 0.1251, 0.1250, 0.1249, 0.1250, 0.1249]],
       device='cuda:0', grad_fn=<SoftmaxBackward>)
tensor([[0.1250, 0.1250, 0.1249, 0.1251, 0.1249, 0.1253, 0.1249, 0.1248],
        [0.1250, 0.1250, 0.1249, 0.1249, 0.1250, 0.1250, 0.1251, 0.1251],
        [0.1249, 0.1250, 0.1249, 0.1251, 0.1249, 0.1251, 0.1250, 0.1250],
        [0.1250, 0.1251, 0.1249, 0.1251, 0.1250, 0.1251, 0.1247, 0.1250],
        [0.1248, 0.1251, 0.1249, 0.1250, 0.1250, 0.1248, 0.1253, 0.1251]],
       device='cuda:0', grad_fn=<SoftmaxBackward>)
tensor([[0.1250, 0.1250, 0.1249, 0.1251, 0.1249, 0.1253, 0.1249, 0.1248],
        [0.1250, 0.1250, 0.1249, 0.1249, 0.1250, 0.1250, 0.1251, 0.1251],
        [0.1249, 0.1250, 0.1249, 0.1251, 0.1249, 0.1251, 0.1250, 0.1250],
        [0.1250, 0.1251, 0.1249, 0.1251, 0.1250, 0.1251, 0.1247, 0.1250],
        [0.1248, 0.1251, 0.1249, 0.1250, 0.1250, 0.1248, 0.1253, 0.1251]],
       device='cuda:0', grad_fn=<SoftmaxBackward>)

# Alpha - reduce

# Alpha - reduce
tensor([[0.1249, 0.1249, 0.1250, 0.1249, 0.1251, 0.1251, 0.1252, 0.1250],
        [0.1250, 0.1249, 0.1249, 0.1250, 0.1254, 0.1251, 0.1249, 0.1248]],
       device='cuda:0', grad_fn=<SoftmaxBackward>)
tensor([[0.1249, 0.1249, 0.1250, 0.1249, 0.1251, 0.1251, 0.1252, 0.1250],
        [0.1250, 0.1249, 0.1249, 0.1250, 0.1254, 0.1251, 0.1249, 0.1248]],
       device='cuda:0', grad_fn=<SoftmaxBackward>)
tensor([[0.1250, 0.1250, 0.1250, 0.1253, 0.1248, 0.1250, 0.1248, 0.1251],
        [0.1250, 0.1249, 0.1251, 0.1251, 0.1248, 0.1251, 0.1250, 0.1250],
        [0.1250, 0.1250, 0.1251, 0.1251, 0.1249, 0.1249, 0.1249, 0.1250]],
       device='cuda:0', grad_fn=<SoftmaxBackward>)
tensor([[0.1250, 0.1250, 0.1250, 0.1253, 0.1248, 0.1250, 0.1248, 0.1251],
        [0.1250, 0.1249, 0.1251, 0.1251, 0.1248, 0.1251, 0.1250, 0.1250],
        [0.1250, 0.1250, 0.1251, 0.1251, 0.1249, 0.1249, 0.1249, 0.1250]],
       device='cuda:0', grad_fn=<SoftmaxBackward>)
tensor([[0.1250, 0.1252, 0.1250, 0.1249, 0.1249, 0.1249, 0.1250, 0.1251],
        [0.1250, 0.1249, 0.1250, 0.1250, 0.1250, 0.1250, 0.1249, 0.1251],
        [0.1248, 0.1251, 0.1251, 0.1251, 0.1250, 0.1250, 0.1249, 0.1249],
        [0.1249, 0.1250, 0.1251, 0.1250, 0.1248, 0.1250, 0.1250, 0.1251]],
       device='cuda:0', grad_fn=<SoftmaxBackward>)
tensor([[0.1250, 0.1252, 0.1250, 0.1249, 0.1249, 0.1249, 0.1250, 0.1251],
        [0.1250, 0.1249, 0.1250, 0.1250, 0.1250, 0.1250, 0.1249, 0.1251],
        [0.1248, 0.1251, 0.1251, 0.1251, 0.1250, 0.1250, 0.1249, 0.1249],
        [0.1249, 0.1250, 0.1251, 0.1250, 0.1248, 0.1250, 0.1250, 0.1251]],
       device='cuda:0', grad_fn=<SoftmaxBackward>)
tensor([[0.1250, 0.1251, 0.1249, 0.1249, 0.1251, 0.1248, 0.1250, 0.1252],
        [0.1249, 0.1252, 0.1250, 0.1250, 0.1251, 0.1249, 0.1250, 0.1250],
        [0.1250, 0.1249, 0.1249, 0.1252, 0.1249, 0.1251, 0.1250, 0.1250],
        [0.1251, 0.1251, 0.1248, 0.1251, 0.1250, 0.1250, 0.1249, 0.1251],
        [0.1249, 0.1251, 0.1251, 0.1249, 0.1250, 0.1251, 0.1250, 0.1249]],
       device='cuda:0', grad_fn=<SoftmaxBackward>)
tensor([[0.1250, 0.1251, 0.1249, 0.1249, 0.1251, 0.1248, 0.1250, 0.1252],
        [0.1249, 0.1252, 0.1250, 0.1250, 0.1251, 0.1249, 0.1250, 0.1250],
        [0.1250, 0.1249, 0.1249, 0.1252, 0.1249, 0.1251, 0.1250, 0.1250],
        [0.1251, 0.1251, 0.1248, 0.1251, 0.1250, 0.1250, 0.1249, 0.1251],
        [0.1249, 0.1251, 0.1251, 0.1249, 0.1250, 0.1251, 0.1250, 0.1249]],
       device='cuda:0', grad_fn=<SoftmaxBackward>)
#####################
#####################
11/24 09:35:19 PM | 
11/24 09:35:19 PM | Parameters:
11/24 09:35:19 PM | ALPHA_LR=0.0003
11/24 09:35:19 PM | ALPHA_WEIGHT_DECAY=0.001
11/24 09:35:19 PM | BATCH_SIZE=64
11/24 09:35:19 PM | DATA_PATH=./data/
11/24 09:35:19 PM | DATASET=cifar10
11/24 09:35:19 PM | EPOCHS=50
11/24 09:35:19 PM | GPUS=[0]
11/24 09:35:19 PM | INIT_CHANNELS=16
11/24 09:35:19 PM | LAYERS=8
11/24 09:35:19 PM | NAME=cifar10
11/24 09:35:19 PM | PATH=searchs\cifar10
11/24 09:35:19 PM | PLOT_PATH=searchs\cifar10\plots
11/24 09:35:19 PM | PRINT_FREQ=10
11/24 09:35:19 PM | SEED=2
11/24 09:35:19 PM | W_GRAD_CLIP=5.0
11/24 09:35:19 PM | W_LR=0.025
11/24 09:35:19 PM | W_LR_MIN=0.001
11/24 09:35:19 PM | W_MOMENTUM=0.9
11/24 09:35:19 PM | W_WEIGHT_DECAY=0.0003
11/24 09:35:19 PM | WORKERS=4
11/24 09:35:19 PM | 
11/24 09:35:22 PM | 
11/24 09:35:22 PM | Parameters:
11/24 09:35:22 PM | ALPHA_LR=0.0003
11/24 09:35:22 PM | ALPHA_WEIGHT_DECAY=0.001
11/24 09:35:22 PM | BATCH_SIZE=64
11/24 09:35:22 PM | DATA_PATH=./data/
11/24 09:35:22 PM | DATASET=cifar10
11/24 09:35:22 PM | EPOCHS=50
11/24 09:35:22 PM | GPUS=[0]
11/24 09:35:22 PM | INIT_CHANNELS=16
11/24 09:35:22 PM | LAYERS=8
11/24 09:35:22 PM | NAME=cifar10
11/24 09:35:22 PM | PATH=searchs\cifar10
11/24 09:35:22 PM | PLOT_PATH=searchs\cifar10\plots
11/24 09:35:22 PM | PRINT_FREQ=10
11/24 09:35:22 PM | SEED=2
11/24 09:35:22 PM | W_GRAD_CLIP=5.0
11/24 09:35:22 PM | W_LR=0.025
11/24 09:35:22 PM | W_LR_MIN=0.001
11/24 09:35:22 PM | W_MOMENTUM=0.9
11/24 09:35:22 PM | W_WEIGHT_DECAY=0.0003
11/24 09:35:22 PM | WORKERS=4
11/24 09:35:22 PM | 
11/24 09:35:25 PM | 
11/24 09:35:25 PM | Parameters:
11/24 09:35:25 PM | ALPHA_LR=0.0003
11/24 09:35:25 PM | ALPHA_WEIGHT_DECAY=0.001
11/24 09:35:25 PM | BATCH_SIZE=64
11/24 09:35:25 PM | DATA_PATH=./data/
11/24 09:35:25 PM | DATASET=cifar10
11/24 09:35:25 PM | EPOCHS=50
11/24 09:35:25 PM | GPUS=[0]
11/24 09:35:25 PM | INIT_CHANNELS=16
11/24 09:35:25 PM | LAYERS=8
11/24 09:35:25 PM | NAME=cifar10
11/24 09:35:25 PM | PATH=searchs\cifar10
11/24 09:35:25 PM | PLOT_PATH=searchs\cifar10\plots
11/24 09:35:25 PM | PRINT_FREQ=10
11/24 09:35:25 PM | SEED=2
11/24 09:35:25 PM | W_GRAD_CLIP=5.0
11/24 09:35:25 PM | W_LR=0.025
11/24 09:35:25 PM | W_LR_MIN=0.001
11/24 09:35:25 PM | W_MOMENTUM=0.9
11/24 09:35:25 PM | W_WEIGHT_DECAY=0.0003
11/24 09:35:25 PM | WORKERS=4
11/24 09:35:25 PM | 
11/24 09:35:28 PM | 
11/24 09:35:28 PM | Parameters:
11/24 09:35:28 PM | ALPHA_LR=0.0003
11/24 09:35:28 PM | ALPHA_WEIGHT_DECAY=0.001
11/24 09:35:28 PM | BATCH_SIZE=64
11/24 09:35:28 PM | DATA_PATH=./data/
11/24 09:35:28 PM | DATASET=cifar10
11/24 09:35:28 PM | EPOCHS=50
11/24 09:35:28 PM | GPUS=[0]
11/24 09:35:28 PM | INIT_CHANNELS=16
11/24 09:35:28 PM | LAYERS=8
11/24 09:35:28 PM | NAME=cifar10
11/24 09:35:28 PM | PATH=searchs\cifar10
11/24 09:35:28 PM | PLOT_PATH=searchs\cifar10\plots
11/24 09:35:28 PM | PRINT_FREQ=10
11/24 09:35:28 PM | SEED=2
11/24 09:35:28 PM | W_GRAD_CLIP=5.0
11/24 09:35:28 PM | W_LR=0.025
11/24 09:35:28 PM | W_LR_MIN=0.001
11/24 09:35:28 PM | W_MOMENTUM=0.9
11/24 09:35:28 PM | W_WEIGHT_DECAY=0.0003
11/24 09:35:28 PM | WORKERS=4
11/24 09:35:28 PM | 
11/24 09:35:31 PM | 
11/24 09:35:31 PM | Parameters:
11/24 09:35:31 PM | ALPHA_LR=0.0003
11/24 09:35:31 PM | ALPHA_WEIGHT_DECAY=0.001
11/24 09:35:31 PM | BATCH_SIZE=64
11/24 09:35:31 PM | DATA_PATH=./data/
11/24 09:35:31 PM | DATASET=cifar10
11/24 09:35:31 PM | EPOCHS=50
11/24 09:35:31 PM | GPUS=[0]
11/24 09:35:31 PM | INIT_CHANNELS=16
11/24 09:35:31 PM | LAYERS=8
11/24 09:35:31 PM | NAME=cifar10
11/24 09:35:31 PM | PATH=searchs\cifar10
11/24 09:35:31 PM | PLOT_PATH=searchs\cifar10\plots
11/24 09:35:31 PM | PRINT_FREQ=10
11/24 09:35:31 PM | SEED=2
11/24 09:35:31 PM | W_GRAD_CLIP=5.0
11/24 09:35:31 PM | W_LR=0.025
11/24 09:35:31 PM | W_LR_MIN=0.001
11/24 09:35:31 PM | W_MOMENTUM=0.9
11/24 09:35:31 PM | W_WEIGHT_DECAY=0.0003
11/24 09:35:31 PM | WORKERS=4
11/24 09:35:31 PM | 
11/24 09:35:34 PM | 
11/24 09:35:34 PM | Parameters:
11/24 09:35:34 PM | ALPHA_LR=0.0003
11/24 09:35:34 PM | ALPHA_WEIGHT_DECAY=0.001
11/24 09:35:34 PM | BATCH_SIZE=64
11/24 09:35:34 PM | DATA_PATH=./data/
11/24 09:35:34 PM | DATASET=cifar10
11/24 09:35:34 PM | EPOCHS=50
11/24 09:35:34 PM | GPUS=[0]
11/24 09:35:34 PM | INIT_CHANNELS=16
11/24 09:35:34 PM | LAYERS=8
11/24 09:35:34 PM | NAME=cifar10
11/24 09:35:34 PM | PATH=searchs\cifar10
11/24 09:35:34 PM | PLOT_PATH=searchs\cifar10\plots
11/24 09:35:34 PM | PRINT_FREQ=10
11/24 09:35:34 PM | SEED=2
11/24 09:35:34 PM | W_GRAD_CLIP=5.0
11/24 09:35:34 PM | W_LR=0.025
11/24 09:35:34 PM | W_LR_MIN=0.001
11/24 09:35:34 PM | W_MOMENTUM=0.9
11/24 09:35:34 PM | W_WEIGHT_DECAY=0.0003
11/24 09:35:34 PM | WORKERS=4
11/24 09:35:34 PM | 
11/24 09:35:37 PM | 
11/24 09:35:37 PM | Parameters:
11/24 09:35:37 PM | ALPHA_LR=0.0003
11/24 09:35:37 PM | ALPHA_WEIGHT_DECAY=0.001
11/24 09:35:37 PM | BATCH_SIZE=64
11/24 09:35:37 PM | DATA_PATH=./data/
11/24 09:35:37 PM | DATASET=cifar10
11/24 09:35:37 PM | EPOCHS=50
11/24 09:35:37 PM | GPUS=[0]
11/24 09:35:37 PM | INIT_CHANNELS=16
11/24 09:35:37 PM | LAYERS=8
11/24 09:35:37 PM | NAME=cifar10
11/24 09:35:37 PM | PATH=searchs\cifar10
11/24 09:35:37 PM | PLOT_PATH=searchs\cifar10\plots
11/24 09:35:37 PM | PRINT_FREQ=10
11/24 09:35:37 PM | SEED=2
11/24 09:35:37 PM | W_GRAD_CLIP=5.0
11/24 09:35:37 PM | W_LR=0.025
11/24 09:35:37 PM | W_LR_MIN=0.001
11/24 09:35:37 PM | W_MOMENTUM=0.9
11/24 09:35:37 PM | W_WEIGHT_DECAY=0.0003
11/24 09:35:37 PM | WORKERS=4
11/24 09:35:37 PM | 
11/24 09:35:40 PM | 
11/24 09:35:40 PM | Parameters:
11/24 09:35:40 PM | ALPHA_LR=0.0003
11/24 09:35:40 PM | ALPHA_WEIGHT_DECAY=0.001
11/24 09:35:40 PM | BATCH_SIZE=64
11/24 09:35:40 PM | DATA_PATH=./data/
11/24 09:35:40 PM | DATASET=cifar10
11/24 09:35:40 PM | EPOCHS=50
11/24 09:35:40 PM | GPUS=[0]
11/24 09:35:40 PM | INIT_CHANNELS=16
11/24 09:35:40 PM | LAYERS=8
11/24 09:35:40 PM | NAME=cifar10
11/24 09:35:40 PM | PATH=searchs\cifar10
11/24 09:35:40 PM | PLOT_PATH=searchs\cifar10\plots
11/24 09:35:40 PM | PRINT_FREQ=10
11/24 09:35:40 PM | SEED=2
11/24 09:35:40 PM | W_GRAD_CLIP=5.0
11/24 09:35:40 PM | W_LR=0.025
11/24 09:35:40 PM | W_LR_MIN=0.001
11/24 09:35:40 PM | W_MOMENTUM=0.9
11/24 09:35:40 PM | W_WEIGHT_DECAY=0.0003
11/24 09:35:40 PM | WORKERS=4
11/24 09:35:40 PM | 
11/24 09:37:29 PM | 
11/24 09:37:29 PM | 
11/24 09:37:29 PM | 
11/24 09:37:29 PM | Parameters:
11/24 09:37:29 PM | Parameters:
11/24 09:37:29 PM | Parameters:
11/24 09:37:29 PM | ALPHA_LR=0.0003
11/24 09:37:29 PM | ALPHA_LR=0.0003
11/24 09:37:29 PM | ALPHA_LR=0.0003
11/24 09:37:29 PM | ALPHA_WEIGHT_DECAY=0.001
11/24 09:37:29 PM | ALPHA_WEIGHT_DECAY=0.001
11/24 09:37:29 PM | ALPHA_WEIGHT_DECAY=0.001
11/24 09:37:29 PM | BATCH_SIZE=64
11/24 09:37:29 PM | BATCH_SIZE=64
11/24 09:37:29 PM | BATCH_SIZE=64
11/24 09:37:29 PM | DATA_PATH=./data/
11/24 09:37:29 PM | DATA_PATH=./data/
11/24 09:37:29 PM | DATA_PATH=./data/
11/24 09:37:29 PM | DATASET=cifar10
11/24 09:37:29 PM | DATASET=cifar10
11/24 09:37:29 PM | DATASET=cifar10
11/24 09:37:29 PM | EPOCHS=50
11/24 09:37:29 PM | EPOCHS=50
11/24 09:37:29 PM | EPOCHS=50
11/24 09:37:29 PM | GPUS=[0]
11/24 09:37:29 PM | GPUS=[0]
11/24 09:37:29 PM | GPUS=[0]
11/24 09:37:29 PM | INIT_CHANNELS=16
11/24 09:37:29 PM | INIT_CHANNELS=16
11/24 09:37:29 PM | INIT_CHANNELS=16
11/24 09:37:29 PM | LAYERS=8
11/24 09:37:29 PM | LAYERS=8
11/24 09:37:29 PM | LAYERS=8
11/24 09:37:29 PM | NAME=cifar10
11/24 09:37:29 PM | NAME=cifar10
11/24 09:37:29 PM | NAME=cifar10
11/24 09:37:29 PM | PATH=searchs\cifar10
11/24 09:37:29 PM | PATH=searchs\cifar10
11/24 09:37:29 PM | PATH=searchs\cifar10
11/24 09:37:29 PM | PLOT_PATH=searchs\cifar10\plots
11/24 09:37:29 PM | PLOT_PATH=searchs\cifar10\plots
11/24 09:37:29 PM | PLOT_PATH=searchs\cifar10\plots
11/24 09:37:29 PM | PRINT_FREQ=10
11/24 09:37:29 PM | PRINT_FREQ=10
11/24 09:37:29 PM | PRINT_FREQ=10
11/24 09:37:29 PM | SEED=0
11/24 09:37:29 PM | SEED=0
11/24 09:37:29 PM | SEED=0
11/24 09:37:29 PM | W_GRAD_CLIP=5.0
11/24 09:37:29 PM | W_GRAD_CLIP=5.0
11/24 09:37:29 PM | W_GRAD_CLIP=5.0
11/24 09:37:29 PM | W_LR=0.025
11/24 09:37:29 PM | W_LR=0.025
11/24 09:37:29 PM | W_LR=0.025
11/24 09:37:29 PM | W_LR_MIN=0.001
11/24 09:37:29 PM | W_LR_MIN=0.001
11/24 09:37:29 PM | W_LR_MIN=0.001
11/24 09:37:29 PM | W_MOMENTUM=0.9
11/24 09:37:29 PM | W_MOMENTUM=0.9
11/24 09:37:29 PM | W_MOMENTUM=0.9
11/24 09:37:29 PM | W_WEIGHT_DECAY=0.0003
11/24 09:37:29 PM | W_WEIGHT_DECAY=0.0003
11/24 09:37:29 PM | W_WEIGHT_DECAY=0.0003
11/24 09:37:29 PM | WORKERS=4
11/24 09:37:29 PM | WORKERS=4
11/24 09:37:29 PM | WORKERS=4
11/24 09:37:29 PM | 
11/24 09:37:29 PM | 
11/24 09:37:29 PM | 
11/24 09:37:29 PM | Logger is set - training start
11/24 09:37:29 PM | Logger is set - training start
11/24 09:37:29 PM | Logger is set - training start
11/24 09:37:37 PM | 
11/24 09:37:37 PM | Parameters:
11/24 09:37:37 PM | ALPHA_LR=0.0003
11/24 09:37:37 PM | ALPHA_WEIGHT_DECAY=0.001
11/24 09:37:37 PM | BATCH_SIZE=64
11/24 09:37:37 PM | DATA_PATH=./data/
11/24 09:37:37 PM | DATASET=cifar10
11/24 09:37:37 PM | EPOCHS=50
11/24 09:37:37 PM | GPUS=[0]
11/24 09:37:37 PM | INIT_CHANNELS=16
11/24 09:37:37 PM | LAYERS=8
11/24 09:37:37 PM | NAME=cifar10
11/24 09:37:37 PM | PATH=searchs\cifar10
11/24 09:37:37 PM | PLOT_PATH=searchs\cifar10\plots
11/24 09:37:37 PM | PRINT_FREQ=10
11/24 09:37:37 PM | SEED=0
11/24 09:37:37 PM | W_GRAD_CLIP=5.0
11/24 09:37:37 PM | W_LR=0.025
11/24 09:37:37 PM | W_LR_MIN=0.001
11/24 09:37:37 PM | W_MOMENTUM=0.9
11/24 09:37:37 PM | W_WEIGHT_DECAY=0.0003
11/24 09:37:37 PM | WORKERS=4
11/24 09:37:37 PM | 
11/24 09:37:40 PM | 
11/24 09:37:40 PM | Parameters:
11/24 09:37:40 PM | ALPHA_LR=0.0003
11/24 09:37:40 PM | ALPHA_WEIGHT_DECAY=0.001
11/24 09:37:40 PM | BATCH_SIZE=64
11/24 09:37:40 PM | DATA_PATH=./data/
11/24 09:37:40 PM | DATASET=cifar10
11/24 09:37:40 PM | EPOCHS=50
11/24 09:37:40 PM | GPUS=[0]
11/24 09:37:40 PM | INIT_CHANNELS=16
11/24 09:37:40 PM | LAYERS=8
11/24 09:37:40 PM | NAME=cifar10
11/24 09:37:40 PM | PATH=searchs\cifar10
11/24 09:37:40 PM | PLOT_PATH=searchs\cifar10\plots
11/24 09:37:40 PM | PRINT_FREQ=10
11/24 09:37:40 PM | SEED=0
11/24 09:37:40 PM | W_GRAD_CLIP=5.0
11/24 09:37:40 PM | W_LR=0.025
11/24 09:37:40 PM | W_LR_MIN=0.001
11/24 09:37:40 PM | W_MOMENTUM=0.9
11/24 09:37:40 PM | W_WEIGHT_DECAY=0.0003
11/24 09:37:40 PM | WORKERS=4
11/24 09:37:40 PM | 
11/24 09:37:43 PM | 
11/24 09:37:43 PM | Parameters:
11/24 09:37:43 PM | ALPHA_LR=0.0003
11/24 09:37:43 PM | ALPHA_WEIGHT_DECAY=0.001
11/24 09:37:43 PM | BATCH_SIZE=64
11/24 09:37:43 PM | DATA_PATH=./data/
11/24 09:37:43 PM | DATASET=cifar10
11/24 09:37:43 PM | EPOCHS=50
11/24 09:37:43 PM | GPUS=[0]
11/24 09:37:43 PM | INIT_CHANNELS=16
11/24 09:37:43 PM | LAYERS=8
11/24 09:37:43 PM | NAME=cifar10
11/24 09:37:43 PM | PATH=searchs\cifar10
11/24 09:37:43 PM | PLOT_PATH=searchs\cifar10\plots
11/24 09:37:43 PM | PRINT_FREQ=10
11/24 09:37:43 PM | SEED=0
11/24 09:37:43 PM | W_GRAD_CLIP=5.0
11/24 09:37:43 PM | W_LR=0.025
11/24 09:37:43 PM | W_LR_MIN=0.001
11/24 09:37:43 PM | W_MOMENTUM=0.9
11/24 09:37:43 PM | W_WEIGHT_DECAY=0.0003
11/24 09:37:43 PM | WORKERS=4
11/24 09:37:43 PM | 
11/24 09:37:46 PM | 
11/24 09:37:46 PM | Parameters:
11/24 09:37:46 PM | ALPHA_LR=0.0003
11/24 09:37:46 PM | ALPHA_WEIGHT_DECAY=0.001
11/24 09:37:46 PM | BATCH_SIZE=64
11/24 09:37:46 PM | DATA_PATH=./data/
11/24 09:37:46 PM | DATASET=cifar10
11/24 09:37:46 PM | EPOCHS=50
11/24 09:37:46 PM | GPUS=[0]
11/24 09:37:46 PM | INIT_CHANNELS=16
11/24 09:37:46 PM | LAYERS=8
11/24 09:37:46 PM | NAME=cifar10
11/24 09:37:46 PM | PATH=searchs\cifar10
11/24 09:37:46 PM | PLOT_PATH=searchs\cifar10\plots
11/24 09:37:46 PM | PRINT_FREQ=10
11/24 09:37:46 PM | SEED=0
11/24 09:37:46 PM | W_GRAD_CLIP=5.0
11/24 09:37:46 PM | W_LR=0.025
11/24 09:37:46 PM | W_LR_MIN=0.001
11/24 09:37:46 PM | W_MOMENTUM=0.9
11/24 09:37:46 PM | W_WEIGHT_DECAY=0.0003
11/24 09:37:46 PM | WORKERS=4
11/24 09:37:46 PM | 
11/24 09:37:49 PM | 
11/24 09:37:49 PM | Parameters:
11/24 09:37:49 PM | ALPHA_LR=0.0003
11/24 09:37:49 PM | ALPHA_WEIGHT_DECAY=0.001
11/24 09:37:49 PM | BATCH_SIZE=64
11/24 09:37:49 PM | DATA_PATH=./data/
11/24 09:37:49 PM | DATASET=cifar10
11/24 09:37:49 PM | EPOCHS=50
11/24 09:37:49 PM | GPUS=[0]
11/24 09:37:49 PM | INIT_CHANNELS=16
11/24 09:37:49 PM | LAYERS=8
11/24 09:37:49 PM | NAME=cifar10
11/24 09:37:49 PM | PATH=searchs\cifar10
11/24 09:37:49 PM | PLOT_PATH=searchs\cifar10\plots
11/24 09:37:49 PM | PRINT_FREQ=10
11/24 09:37:49 PM | SEED=0
11/24 09:37:49 PM | W_GRAD_CLIP=5.0
11/24 09:37:49 PM | W_LR=0.025
11/24 09:37:49 PM | W_LR_MIN=0.001
11/24 09:37:49 PM | W_MOMENTUM=0.9
11/24 09:37:49 PM | W_WEIGHT_DECAY=0.0003
11/24 09:37:49 PM | WORKERS=4
11/24 09:37:49 PM | 
11/24 09:38:49 PM | Logger is set - training start
11/24 09:38:49 PM | Logger is set - training start
11/24 09:38:49 PM | Logger is set - training start
11/24 09:38:49 PM | Logger is set - training start
11/24 09:42:31 PM | Logger is set - training start
####### ALPHA #######
# Alpha - normal
tensor([[0.1249, 0.1249, 0.1250, 0.1250, 0.1252, 0.1251, 0.1250, 0.1248],
        [0.1250, 0.1248, 0.1250, 0.1250, 0.1250, 0.1251, 0.1251, 0.1249]],
       device='cuda:0', grad_fn=<SoftmaxBackward>)
tensor([[0.1249, 0.1250, 0.1249, 0.1250, 0.1250, 0.1250, 0.1251, 0.1250],
        [0.1250, 0.1249, 0.1249, 0.1249, 0.1251, 0.1252, 0.1251, 0.1249],
        [0.1249, 0.1250, 0.1250, 0.1250, 0.1248, 0.1250, 0.1251, 0.1252]],
       device='cuda:0', grad_fn=<SoftmaxBackward>)
tensor([[0.1250, 0.1247, 0.1250, 0.1250, 0.1252, 0.1251, 0.1249, 0.1250],
        [0.1249, 0.1249, 0.1252, 0.1249, 0.1250, 0.1251, 0.1251, 0.1251],
        [0.1249, 0.1249, 0.1249, 0.1251, 0.1251, 0.1251, 0.1252, 0.1249],
        [0.1250, 0.1251, 0.1250, 0.1249, 0.1250, 0.1249, 0.1250, 0.1251]],
       device='cuda:0', grad_fn=<SoftmaxBackward>)
tensor([[0.1250, 0.1249, 0.1248, 0.1249, 0.1251, 0.1250, 0.1252, 0.1251],
        [0.1249, 0.1250, 0.1252, 0.1251, 0.1251, 0.1249, 0.1249, 0.1249],
        [0.1249, 0.1250, 0.1250, 0.1250, 0.1250, 0.1251, 0.1249, 0.1251],
        [0.1251, 0.1250, 0.1252, 0.1250, 0.1250, 0.1247, 0.1248, 0.1252],
        [0.1250, 0.1249, 0.1252, 0.1250, 0.1251, 0.1251, 0.1249, 0.1249]],
       device='cuda:0', grad_fn=<SoftmaxBackward>)

# Alpha - reduce
tensor([[0.1248, 0.1248, 0.1251, 0.1251, 0.1251, 0.1248, 0.1250, 0.1252],
        [0.1250, 0.1249, 0.1249, 0.1250, 0.1251, 0.1251, 0.1251, 0.1248]],
       device='cuda:0', grad_fn=<SoftmaxBackward>)
tensor([[0.1251, 0.1252, 0.1251, 0.1252, 0.1248, 0.1249, 0.1248, 0.1249],
        [0.1253, 0.1249, 0.1251, 0.1251, 0.1247, 0.1248, 0.1250, 0.1251],
        [0.1250, 0.1250, 0.1250, 0.1250, 0.1250, 0.1249, 0.1251, 0.1249]],
       device='cuda:0', grad_fn=<SoftmaxBackward>)
tensor([[0.1249, 0.1250, 0.1250, 0.1251, 0.1250, 0.1250, 0.1249, 0.1250],
        [0.1251, 0.1249, 0.1248, 0.1251, 0.1249, 0.1251, 0.1251, 0.1251],
        [0.1251, 0.1248, 0.1250, 0.1250, 0.1251, 0.1249, 0.1251, 0.1250],
        [0.1251, 0.1251, 0.1250, 0.1251, 0.1250, 0.1249, 0.1251, 0.1249]],
       device='cuda:0', grad_fn=<SoftmaxBackward>)
tensor([[0.1249, 0.1252, 0.1249, 0.1249, 0.1250, 0.1250, 0.1250, 0.1251],
        [0.1249, 0.1248, 0.1252, 0.1250, 0.1248, 0.1250, 0.1250, 0.1251],
        [0.1251, 0.1249, 0.1249, 0.1250, 0.1250, 0.1250, 0.1250, 0.1250],
        [0.1250, 0.1251, 0.1251, 0.1251, 0.1248, 0.1251, 0.1250, 0.1249],
        [0.1250, 0.1252, 0.1251, 0.1250, 0.1249, 0.1250, 0.1251, 0.1249]],
       device='cuda:0', grad_fn=<SoftmaxBackward>)
#####################
####### ALPHA #######
# Alpha - normal
tensor([[0.1250, 0.1251, 0.1252, 0.1249, 0.1249, 0.1250, 0.1250, 0.1249],
        [0.1250, 0.1249, 0.1252, 0.1250, 0.1250, 0.1250, 0.1250, 0.1249]],
       device='cuda:0', grad_fn=<SoftmaxBackward>)
tensor([[0.1250, 0.1250, 0.1250, 0.1249, 0.1249, 0.1250, 0.1252, 0.1250],
        [0.1248, 0.1249, 0.1249, 0.1250, 0.1252, 0.1251, 0.1251, 0.1250],
        [0.1249, 0.1251, 0.1249, 0.1251, 0.1251, 0.1249, 0.1248, 0.1250]],
       device='cuda:0', grad_fn=<SoftmaxBackward>)
tensor([[0.1251, 0.1252, 0.1250, 0.1248, 0.1251, 0.1247, 0.1250, 0.1251],
        [0.1251, 0.1249, 0.1251, 0.1252, 0.1248, 0.1250, 0.1249, 0.1250],
        [0.1250, 0.1251, 0.1248, 0.1248, 0.1250, 0.1250, 0.1252, 0.1249],
        [0.1249, 0.1252, 0.1250, 0.1253, 0.1248, 0.1247, 0.1250, 0.1251]],
       device='cuda:0', grad_fn=<SoftmaxBackward>)
tensor([[0.1250, 0.1250, 0.1247, 0.1250, 0.1253, 0.1250, 0.1249, 0.1250],
        [0.1250, 0.1250, 0.1249, 0.1251, 0.1250, 0.1248, 0.1250, 0.1252],
        [0.1247, 0.1249, 0.1252, 0.1249, 0.1251, 0.1252, 0.1249, 0.1252],
        [0.1251, 0.1250, 0.1253, 0.1249, 0.1249, 0.1251, 0.1248, 0.1249],
        [0.1249, 0.1249, 0.1249, 0.1251, 0.1254, 0.1248, 0.1249, 0.1251]],
       device='cuda:0', grad_fn=<SoftmaxBackward>)

# Alpha - reduce
tensor([[0.1250, 0.1251, 0.1249, 0.1250, 0.1250, 0.1250, 0.1249, 0.1249],
        [0.1250, 0.1250, 0.1249, 0.1250, 0.1251, 0.1253, 0.1248, 0.1250]],
       device='cuda:0', grad_fn=<SoftmaxBackward>)
tensor([[0.1250, 0.1250, 0.1252, 0.1251, 0.1249, 0.1250, 0.1250, 0.1248],
        [0.1249, 0.1250, 0.1251, 0.1251, 0.1250, 0.1251, 0.1251, 0.1248],
        [0.1252, 0.1250, 0.1249, 0.1250, 0.1252, 0.1249, 0.1249, 0.1251]],
       device='cuda:0', grad_fn=<SoftmaxBackward>)
tensor([[0.1250, 0.1249, 0.1251, 0.1253, 0.1249, 0.1250, 0.1250, 0.1249],
        [0.1250, 0.1249, 0.1251, 0.1250, 0.1250, 0.1249, 0.1252, 0.1249],
        [0.1251, 0.1250, 0.1251, 0.1252, 0.1250, 0.1249, 0.1249, 0.1249],
        [0.1250, 0.1250, 0.1250, 0.1249, 0.1251, 0.1251, 0.1249, 0.1251]],
       device='cuda:0', grad_fn=<SoftmaxBackward>)
tensor([[0.1249, 0.1249, 0.1249, 0.1251, 0.1251, 0.1251, 0.1250, 0.1250],
        [0.1250, 0.1252, 0.1250, 0.1250, 0.1249, 0.1250, 0.1250, 0.1249],
        [0.1250, 0.1250, 0.1249, 0.1250, 0.1250, 0.1249, 0.1251, 0.1251],
        [0.1251, 0.1250, 0.1250, 0.1249, 0.1250, 0.1249, 0.1250, 0.1251],
        [0.1250, 0.1250, 0.1250, 0.1249, 0.1252, 0.1252, 0.1249, 0.1249]],
       device='cuda:0', grad_fn=<SoftmaxBackward>)
#####################
11/24 10:34:38 PM | Logger is set - training start
11/24 10:34:38 PM | Logger is set - training start
####### ALPHA #######
####### ALPHA #######
# Alpha - normal
# Alpha - normal
tensor([[0.1249, 0.1249, 0.1250, 0.1250, 0.1252, 0.1251, 0.1250, 0.1248],
        [0.1250, 0.1248, 0.1250, 0.1250, 0.1250, 0.1251, 0.1251, 0.1249]],
       device='cuda:0', grad_fn=<SoftmaxBackward>)
tensor([[0.1249, 0.1249, 0.1250, 0.1250, 0.1252, 0.1251, 0.1250, 0.1248],
        [0.1250, 0.1248, 0.1250, 0.1250, 0.1250, 0.1251, 0.1251, 0.1249]],
       device='cuda:0', grad_fn=<SoftmaxBackward>)
tensor([[0.1249, 0.1250, 0.1249, 0.1250, 0.1250, 0.1250, 0.1251, 0.1250],
        [0.1250, 0.1249, 0.1249, 0.1249, 0.1251, 0.1252, 0.1251, 0.1249],
        [0.1249, 0.1250, 0.1250, 0.1250, 0.1248, 0.1250, 0.1251, 0.1252]],
       device='cuda:0', grad_fn=<SoftmaxBackward>)
tensor([[0.1249, 0.1250, 0.1249, 0.1250, 0.1250, 0.1250, 0.1251, 0.1250],
        [0.1250, 0.1249, 0.1249, 0.1249, 0.1251, 0.1252, 0.1251, 0.1249],
        [0.1249, 0.1250, 0.1250, 0.1250, 0.1248, 0.1250, 0.1251, 0.1252]],
       device='cuda:0', grad_fn=<SoftmaxBackward>)
tensor([[0.1250, 0.1247, 0.1250, 0.1250, 0.1252, 0.1251, 0.1249, 0.1250],
        [0.1249, 0.1249, 0.1252, 0.1249, 0.1250, 0.1251, 0.1251, 0.1251],
        [0.1249, 0.1249, 0.1249, 0.1251, 0.1251, 0.1251, 0.1252, 0.1249],
        [0.1250, 0.1251, 0.1250, 0.1249, 0.1250, 0.1249, 0.1250, 0.1251]],
       device='cuda:0', grad_fn=<SoftmaxBackward>)
tensor([[0.1250, 0.1247, 0.1250, 0.1250, 0.1252, 0.1251, 0.1249, 0.1250],
        [0.1249, 0.1249, 0.1252, 0.1249, 0.1250, 0.1251, 0.1251, 0.1251],
        [0.1249, 0.1249, 0.1249, 0.1251, 0.1251, 0.1251, 0.1252, 0.1249],
        [0.1250, 0.1251, 0.1250, 0.1249, 0.1250, 0.1249, 0.1250, 0.1251]],
       device='cuda:0', grad_fn=<SoftmaxBackward>)
tensor([[0.1250, 0.1249, 0.1248, 0.1249, 0.1251, 0.1250, 0.1252, 0.1251],
        [0.1249, 0.1250, 0.1252, 0.1251, 0.1251, 0.1249, 0.1249, 0.1249],
        [0.1249, 0.1250, 0.1250, 0.1250, 0.1250, 0.1251, 0.1249, 0.1251],
        [0.1251, 0.1250, 0.1252, 0.1250, 0.1250, 0.1247, 0.1248, 0.1252],
        [0.1250, 0.1249, 0.1252, 0.1250, 0.1251, 0.1251, 0.1249, 0.1249]],
       device='cuda:0', grad_fn=<SoftmaxBackward>)
tensor([[0.1250, 0.1249, 0.1248, 0.1249, 0.1251, 0.1250, 0.1252, 0.1251],
        [0.1249, 0.1250, 0.1252, 0.1251, 0.1251, 0.1249, 0.1249, 0.1249],
        [0.1249, 0.1250, 0.1250, 0.1250, 0.1250, 0.1251, 0.1249, 0.1251],
        [0.1251, 0.1250, 0.1252, 0.1250, 0.1250, 0.1247, 0.1248, 0.1252],
        [0.1250, 0.1249, 0.1252, 0.1250, 0.1251, 0.1251, 0.1249, 0.1249]],
       device='cuda:0', grad_fn=<SoftmaxBackward>)

# Alpha - reduce

# Alpha - reduce
tensor([[0.1248, 0.1248, 0.1251, 0.1251, 0.1251, 0.1248, 0.1250, 0.1252],
        [0.1250, 0.1249, 0.1249, 0.1250, 0.1251, 0.1251, 0.1251, 0.1248]],
       device='cuda:0', grad_fn=<SoftmaxBackward>)
tensor([[0.1248, 0.1248, 0.1251, 0.1251, 0.1251, 0.1248, 0.1250, 0.1252],
        [0.1250, 0.1249, 0.1249, 0.1250, 0.1251, 0.1251, 0.1251, 0.1248]],
       device='cuda:0', grad_fn=<SoftmaxBackward>)
tensor([[0.1251, 0.1252, 0.1251, 0.1252, 0.1248, 0.1249, 0.1248, 0.1249],
        [0.1253, 0.1249, 0.1251, 0.1251, 0.1247, 0.1248, 0.1250, 0.1251],
        [0.1250, 0.1250, 0.1250, 0.1250, 0.1250, 0.1249, 0.1251, 0.1249]],
       device='cuda:0', grad_fn=<SoftmaxBackward>)
tensor([[0.1251, 0.1252, 0.1251, 0.1252, 0.1248, 0.1249, 0.1248, 0.1249],
        [0.1253, 0.1249, 0.1251, 0.1251, 0.1247, 0.1248, 0.1250, 0.1251],
        [0.1250, 0.1250, 0.1250, 0.1250, 0.1250, 0.1249, 0.1251, 0.1249]],
       device='cuda:0', grad_fn=<SoftmaxBackward>)
tensor([[0.1249, 0.1250, 0.1250, 0.1251, 0.1250, 0.1250, 0.1249, 0.1250],
        [0.1251, 0.1249, 0.1248, 0.1251, 0.1249, 0.1251, 0.1251, 0.1251],
        [0.1251, 0.1248, 0.1250, 0.1250, 0.1251, 0.1249, 0.1251, 0.1250],
        [0.1251, 0.1251, 0.1250, 0.1251, 0.1250, 0.1249, 0.1251, 0.1249]],
       device='cuda:0', grad_fn=<SoftmaxBackward>)
tensor([[0.1249, 0.1250, 0.1250, 0.1251, 0.1250, 0.1250, 0.1249, 0.1250],
        [0.1251, 0.1249, 0.1248, 0.1251, 0.1249, 0.1251, 0.1251, 0.1251],
        [0.1251, 0.1248, 0.1250, 0.1250, 0.1251, 0.1249, 0.1251, 0.1250],
        [0.1251, 0.1251, 0.1250, 0.1251, 0.1250, 0.1249, 0.1251, 0.1249]],
       device='cuda:0', grad_fn=<SoftmaxBackward>)
tensor([[0.1249, 0.1252, 0.1249, 0.1249, 0.1250, 0.1250, 0.1250, 0.1251],
        [0.1249, 0.1248, 0.1252, 0.1250, 0.1248, 0.1250, 0.1250, 0.1251],
        [0.1251, 0.1249, 0.1249, 0.1250, 0.1250, 0.1250, 0.1250, 0.1250],
        [0.1250, 0.1251, 0.1251, 0.1251, 0.1248, 0.1251, 0.1250, 0.1249],
        [0.1250, 0.1252, 0.1251, 0.1250, 0.1249, 0.1250, 0.1251, 0.1249]],
       device='cuda:0', grad_fn=<SoftmaxBackward>)
tensor([[0.1249, 0.1252, 0.1249, 0.1249, 0.1250, 0.1250, 0.1250, 0.1251],
        [0.1249, 0.1248, 0.1252, 0.1250, 0.1248, 0.1250, 0.1250, 0.1251],
        [0.1251, 0.1249, 0.1249, 0.1250, 0.1250, 0.1250, 0.1250, 0.1250],
        [0.1250, 0.1251, 0.1251, 0.1251, 0.1248, 0.1251, 0.1250, 0.1249],
        [0.1250, 0.1252, 0.1251, 0.1250, 0.1249, 0.1250, 0.1251, 0.1249]],
       device='cuda:0', grad_fn=<SoftmaxBackward>)
#####################
#####################
####### ALPHA #######
####### ALPHA #######
# Alpha - normal
# Alpha - normal
tensor([[0.1250, 0.1251, 0.1252, 0.1249, 0.1249, 0.1250, 0.1250, 0.1249],
        [0.1250, 0.1249, 0.1252, 0.1250, 0.1250, 0.1250, 0.1250, 0.1249]],
       device='cuda:0', grad_fn=<SoftmaxBackward>)
tensor([[0.1250, 0.1251, 0.1252, 0.1249, 0.1249, 0.1250, 0.1250, 0.1249],
        [0.1250, 0.1249, 0.1252, 0.1250, 0.1250, 0.1250, 0.1250, 0.1249]],
       device='cuda:0', grad_fn=<SoftmaxBackward>)
tensor([[0.1250, 0.1250, 0.1250, 0.1249, 0.1249, 0.1250, 0.1252, 0.1250],
        [0.1248, 0.1249, 0.1249, 0.1250, 0.1252, 0.1251, 0.1251, 0.1250],
        [0.1249, 0.1251, 0.1249, 0.1251, 0.1251, 0.1249, 0.1248, 0.1250]],
       device='cuda:0', grad_fn=<SoftmaxBackward>)
tensor([[0.1250, 0.1250, 0.1250, 0.1249, 0.1249, 0.1250, 0.1252, 0.1250],
        [0.1248, 0.1249, 0.1249, 0.1250, 0.1252, 0.1251, 0.1251, 0.1250],
        [0.1249, 0.1251, 0.1249, 0.1251, 0.1251, 0.1249, 0.1248, 0.1250]],
       device='cuda:0', grad_fn=<SoftmaxBackward>)
tensor([[0.1251, 0.1252, 0.1250, 0.1248, 0.1251, 0.1247, 0.1250, 0.1251],
        [0.1251, 0.1249, 0.1251, 0.1252, 0.1248, 0.1250, 0.1249, 0.1250],
        [0.1250, 0.1251, 0.1248, 0.1248, 0.1250, 0.1250, 0.1252, 0.1249],
        [0.1249, 0.1252, 0.1250, 0.1253, 0.1248, 0.1247, 0.1250, 0.1251]],
       device='cuda:0', grad_fn=<SoftmaxBackward>)
tensor([[0.1251, 0.1252, 0.1250, 0.1248, 0.1251, 0.1247, 0.1250, 0.1251],
        [0.1251, 0.1249, 0.1251, 0.1252, 0.1248, 0.1250, 0.1249, 0.1250],
        [0.1250, 0.1251, 0.1248, 0.1248, 0.1250, 0.1250, 0.1252, 0.1249],
        [0.1249, 0.1252, 0.1250, 0.1253, 0.1248, 0.1247, 0.1250, 0.1251]],
       device='cuda:0', grad_fn=<SoftmaxBackward>)
tensor([[0.1250, 0.1250, 0.1247, 0.1250, 0.1253, 0.1250, 0.1249, 0.1250],
        [0.1250, 0.1250, 0.1249, 0.1251, 0.1250, 0.1248, 0.1250, 0.1252],
        [0.1247, 0.1249, 0.1252, 0.1249, 0.1251, 0.1252, 0.1249, 0.1252],
        [0.1251, 0.1250, 0.1253, 0.1249, 0.1249, 0.1251, 0.1248, 0.1249],
        [0.1249, 0.1249, 0.1249, 0.1251, 0.1254, 0.1248, 0.1249, 0.1251]],
       device='cuda:0', grad_fn=<SoftmaxBackward>)
tensor([[0.1250, 0.1250, 0.1247, 0.1250, 0.1253, 0.1250, 0.1249, 0.1250],
        [0.1250, 0.1250, 0.1249, 0.1251, 0.1250, 0.1248, 0.1250, 0.1252],
        [0.1247, 0.1249, 0.1252, 0.1249, 0.1251, 0.1252, 0.1249, 0.1252],
        [0.1251, 0.1250, 0.1253, 0.1249, 0.1249, 0.1251, 0.1248, 0.1249],
        [0.1249, 0.1249, 0.1249, 0.1251, 0.1254, 0.1248, 0.1249, 0.1251]],
       device='cuda:0', grad_fn=<SoftmaxBackward>)

# Alpha - reduce

# Alpha - reduce
tensor([[0.1250, 0.1251, 0.1249, 0.1250, 0.1250, 0.1250, 0.1249, 0.1249],
        [0.1250, 0.1250, 0.1249, 0.1250, 0.1251, 0.1253, 0.1248, 0.1250]],
       device='cuda:0', grad_fn=<SoftmaxBackward>)
tensor([[0.1250, 0.1251, 0.1249, 0.1250, 0.1250, 0.1250, 0.1249, 0.1249],
        [0.1250, 0.1250, 0.1249, 0.1250, 0.1251, 0.1253, 0.1248, 0.1250]],
       device='cuda:0', grad_fn=<SoftmaxBackward>)
tensor([[0.1250, 0.1250, 0.1252, 0.1251, 0.1249, 0.1250, 0.1250, 0.1248],
        [0.1249, 0.1250, 0.1251, 0.1251, 0.1250, 0.1251, 0.1251, 0.1248],
        [0.1252, 0.1250, 0.1249, 0.1250, 0.1252, 0.1249, 0.1249, 0.1251]],
       device='cuda:0', grad_fn=<SoftmaxBackward>)
tensor([[0.1250, 0.1250, 0.1252, 0.1251, 0.1249, 0.1250, 0.1250, 0.1248],
        [0.1249, 0.1250, 0.1251, 0.1251, 0.1250, 0.1251, 0.1251, 0.1248],
        [0.1252, 0.1250, 0.1249, 0.1250, 0.1252, 0.1249, 0.1249, 0.1251]],
       device='cuda:0', grad_fn=<SoftmaxBackward>)
tensor([[0.1250, 0.1249, 0.1251, 0.1253, 0.1249, 0.1250, 0.1250, 0.1249],
        [0.1250, 0.1249, 0.1251, 0.1250, 0.1250, 0.1249, 0.1252, 0.1249],
        [0.1251, 0.1250, 0.1251, 0.1252, 0.1250, 0.1249, 0.1249, 0.1249],
        [0.1250, 0.1250, 0.1250, 0.1249, 0.1251, 0.1251, 0.1249, 0.1251]],
       device='cuda:0', grad_fn=<SoftmaxBackward>)
